0 0.866727 0.259394 0.048766 0.166435
0 0.848000 0.028713 0.020031 0.051870
0 0.570276 0.307120 0.052281 0.180352
0 0.514089 0.169773 0.039802 0.116528
0 0.506284 0.127458 0.033557 0.092954
0 0.497701 0.092773 0.028870 0.073528
0 0.890893 0.042644 0.025693 0.076639
0 0.939445 0.059676 0.025255 0.072000
0 0.920937 0.124315 0.035271 0.100630
0 0.844737 0.093736 0.031786 0.089028
0 0.793135 0.071287 0.030479 0.092111
0 0.755690 0.054644 0.025255 0.075861
0 0.724122 0.038005 0.024818 0.064250
0 0.608078 0.051546 0.024385 0.069667
0 0.628109 0.070514 0.026125 0.061157
0 0.670563 0.108833 0.033531 0.092889
0 0.718026 0.146764 0.037010 0.109917
0 0.769188 0.188949 0.040062 0.112250
0 0.985396 0.164954 0.029208 0.119981
0 0.078352 0.833093 0.152526 0.333815
0 0.194526 0.466662 0.093646 0.216417
0 0.260078 0.310588 0.057750 0.153991
0 0.304560 0.225958 0.042141 0.123472
0 0.308461 0.146884 0.029651 0.054102
0 0.343188 0.112199 0.022635 0.065213
0 0.347479 0.064338 0.028094 0.058269
0 0.480924 0.064338 0.031214 0.074917
0 0.779807 0.838074 0.138906 0.323852
0 0.628411 0.484005 0.093646 0.217806
