0 0.502490 0.368667 0.053698 0.156037
0 0.917591 0.800977 0.132172 0.319417
0 0.943406 0.410889 0.057823 0.200093
0 0.809169 0.212630 0.035109 0.100963
0 0.723982 0.184176 0.036141 0.095463
0 0.749797 0.320019 0.046469 0.128500
0 0.646021 0.508181 0.070219 0.192750
0 0.628466 0.247505 0.037172 0.119324
0 0.570641 0.220889 0.041302 0.102796
0 0.596974 0.148380 0.023750 0.071593
0 0.556185 0.129106 0.018589 0.066083
0 0.521594 0.120843 0.021687 0.060574
0 0.509719 0.190602 0.024781 0.082611
0 0.467380 0.161231 0.022719 0.086278
0 0.434854 0.145625 0.023750 0.069750
0 0.409555 0.130023 0.020651 0.067917
0 0.425562 0.296153 0.038208 0.110139
0 0.379094 0.247505 0.034073 0.108306
0 0.340888 0.210792 0.038203 0.093620
0 0.306297 0.163065 0.020656 0.067926
0 0.285646 0.142870 0.022719 0.071593
0 0.140049 0.147463 0.033047 0.058741
0 0.156573 0.185093 0.039240 0.056907
0 0.153474 0.280551 0.045438 0.134009
0 0.182385 0.465958 0.070219 0.178065
0 0.202005 0.687162 0.105323 0.245991
