0 0.936078 0.811995 0.127844 0.323083
0 0.223174 0.694505 0.114620 0.260676
0 0.199424 0.476056 0.067120 0.183574
0 0.168961 0.290648 0.053693 0.139519
0 0.165349 0.202532 0.034073 0.069750
0 0.156573 0.157556 0.039240 0.067926
0 0.295971 0.148380 0.024786 0.075259
0 0.318172 0.172241 0.027875 0.071593
0 0.349667 0.212630 0.037177 0.100963
0 0.391487 0.251181 0.034078 0.115657
0 0.436404 0.297069 0.037172 0.108306
0 0.418849 0.131856 0.022719 0.078935
0 0.441565 0.148375 0.026849 0.078935
0 0.475125 0.165819 0.025812 0.091787
0 0.520044 0.194273 0.028911 0.097287
0 0.529854 0.123597 0.025812 0.066083
0 0.567026 0.137366 0.025812 0.067917
0 0.606781 0.150213 0.026844 0.075259
0 0.580453 0.223644 0.040271 0.111972
0 0.638276 0.249343 0.034073 0.115648
0 0.516945 0.376005 0.057828 0.163380
0 0.659445 0.518278 0.059891 0.198259
0 0.759607 0.326444 0.045432 0.123000
0 0.737406 0.190597 0.040271 0.108306
0 0.822078 0.214468 0.040271 0.122991
0 0.963544 0.417310 0.060922 0.205602
