0 0.053980 0.446125 0.053883 0.124417
0 0.200285 0.377944 0.045555 0.150000
0 0.231059 0.342590 0.034945 0.129792
0 0.257152 0.325000 0.039773 0.117833
0 0.393891 0.856819 0.120266 0.269361
0 0.443656 0.523486 0.058812 0.222222
0 0.470172 0.417597 0.047250 0.124583
0 0.477227 0.329125 0.040719 0.069194
0 0.477797 0.286111 0.026516 0.047139
0 0.784141 0.445285 0.057766 0.173569
0 0.856961 0.526097 0.057766 0.230472
0 0.947020 0.648993 0.044508 0.227097
0 0.907672 0.333250 0.032297 0.111111
0 0.954074 0.356819 0.032102 0.127944
