0 0.972387 0.342201 0.042727 0.118819
0 0.400445 0.880007 0.136953 0.239986
0 0.446465 0.516535 0.064648 0.229847
0 0.472762 0.395764 0.047117 0.093500
0 0.482074 0.325639 0.039445 0.066222
0 0.482621 0.272076 0.025195 0.060375
0 0.029559 0.455181 0.056977 0.142194
0 0.192812 0.355833 0.037250 0.138306
0 0.222945 0.329542 0.036156 0.128556
0 0.251434 0.302264 0.033961 0.112972
0 0.802559 0.429854 0.047117 0.177264
0 0.877613 0.520431 0.056977 0.233750
0 0.921438 0.314931 0.037250 0.114917
0 0.982086 0.666514 0.035828 0.264917
