0 0.140292 0.752449 0.131885 0.305213
0 0.247982 0.429204 0.094422 0.202556
0 0.304560 0.289778 0.059307 0.165093
0 0.341628 0.210699 0.039797 0.126250
0 0.340456 0.136477 0.024974 0.061046
0 0.375573 0.093472 0.031219 0.086019
0 0.375573 0.045611 0.017167 0.048556
0 0.506674 0.051847 0.017172 0.074917
0 0.516039 0.072662 0.017172 0.074917
0 0.530477 0.096935 0.027318 0.098500
0 0.542961 0.156593 0.033557 0.112370
0 0.599930 0.289083 0.047599 0.169259
0 0.658458 0.458338 0.092865 0.199769
0 0.789560 0.782278 0.130318 0.331574
0 0.889057 0.247463 0.043698 0.163704
0 0.798143 0.180870 0.035120 0.113759
0 0.743909 0.130931 0.031214 0.108213
0 0.698255 0.099019 0.035115 0.088796
0 0.655336 0.062255 0.027318 0.070750
0 0.634266 0.044218 0.017948 0.070750
0 0.750932 0.029394 0.020292 0.058787
0 0.783318 0.041880 0.027313 0.083759
0 0.823896 0.058787 0.028875 0.086019
0 0.871107 0.086532 0.023411 0.086009
0 0.946414 0.123296 0.030432 0.095722
0 0.968654 0.052546 0.031214 0.081852
0 0.917932 0.041444 0.018729 0.076296
0 0.875792 0.022458 0.017167 0.044917
