0 0.478141 0.295451 0.029250 0.057569
0 0.947844 0.357958 0.040469 0.130694
0 0.205992 0.372528 0.044922 0.156000
0 0.442098 0.516465 0.057461 0.224736
0 0.232113 0.348382 0.032383 0.130014
0 0.259797 0.321451 0.039703 0.117014
0 0.401875 0.843201 0.125359 0.313597
0 0.068094 0.432882 0.072078 0.113292
0 0.475527 0.336306 0.038648 0.079861
0 0.937281 0.639965 0.082531 0.234014
0 0.845348 0.517389 0.072086 0.226583
0 0.779535 0.444028 0.053273 0.161583
0 0.739352 0.342306 0.024375 0.088278
0 0.899168 0.333479 0.040633 0.115569
0 0.468734 0.410597 0.043875 0.120722
