0 0.789057 0.847921 0.144469 0.304157
0 0.878896 0.045745 0.026187 0.067417
0 0.929911 0.060194 0.032500 0.077056
0 0.983013 0.160519 0.033974 0.126815
0 0.912305 0.132426 0.037016 0.105944
0 0.834203 0.097116 0.025281 0.093102
0 0.783641 0.073037 0.025281 0.089889
0 0.743010 0.059389 0.025281 0.075444
0 0.712310 0.040931 0.021672 0.067417
0 0.596284 0.060194 0.026182 0.077056
0 0.618859 0.078657 0.027990 0.075444
0 0.664456 0.111560 0.032505 0.089898
0 0.712310 0.147676 0.041536 0.104333
0 0.762419 0.195032 0.044245 0.118787
0 0.859484 0.262449 0.050562 0.173361
0 0.060451 0.857556 0.120901 0.284889
0 0.189070 0.491991 0.089391 0.224722
0 0.253628 0.327458 0.057786 0.162120
0 0.292453 0.243185 0.041531 0.118778
0 0.298773 0.161319 0.028891 0.060991
0 0.335341 0.100324 0.029797 0.105944
0 0.470779 0.073838 0.026182 0.072231
0 0.493802 0.109153 0.030698 0.094713
0 0.507349 0.175769 0.036115 0.118778
0 0.564232 0.318630 0.059589 0.186204
0 0.622919 0.501620 0.092099 0.215093
