0 0.539160 0.416417 0.050602 0.126667
0 0.551035 0.345743 0.043367 0.077097
0 0.553617 0.298021 0.032016 0.073431
0 0.330578 0.309035 0.036141 0.113819
0 0.302699 0.336569 0.029945 0.124833
0 0.270688 0.363181 0.042344 0.152361
0 0.139547 0.446715 0.048531 0.135847
0 0.033891 0.606424 0.067781 0.245986
0 0.775109 0.324639 0.033047 0.126667
0 0.809184 0.358597 0.043367 0.121167
0 0.867012 0.443958 0.057820 0.174389
0 0.950133 0.524729 0.073312 0.218458
0 0.987199 0.332896 0.025602 0.113819
0 0.516445 0.520146 0.060922 0.223958
0 0.474625 0.861035 0.148687 0.277931
