0 0.602154 0.540944 0.102932 0.235963
0 0.565133 0.068222 0.018057 0.070630
0 0.682966 0.056981 0.020766 0.070630
0 0.713661 0.077051 0.022573 0.088287
0 0.752039 0.087481 0.027089 0.080259
0 0.807115 0.112361 0.030698 0.094704
0 0.885669 0.140454 0.037922 0.109148
0 0.955646 0.183792 0.037021 0.128417
0 0.896503 0.070630 0.027089 0.075444
0 0.843232 0.056981 0.019859 0.064204
0 0.803956 0.040931 0.015349 0.057787
0 0.589513 0.094708 0.028891 0.072231
0 0.632852 0.133227 0.028891 0.088287
0 0.682513 0.169347 0.034307 0.109157
0 0.736688 0.216699 0.041531 0.113972
0 0.835557 0.283315 0.046052 0.170148
0 0.034266 0.906514 0.068531 0.186972
0 0.142117 0.549773 0.100224 0.224731
0 0.539852 0.346718 0.057786 0.194231
0 0.475294 0.199847 0.046047 0.121991
0 0.462203 0.132426 0.030698 0.096315
0 0.436919 0.087481 0.023474 0.070630
0 0.302839 0.121194 0.038823 0.099519
0 0.213448 0.369190 0.058688 0.168546
0 0.264013 0.187810 0.029797 0.062602
0 0.260401 0.271273 0.044240 0.126806
0 0.780930 0.883236 0.158911 0.233528
