0 0.473490 0.195833 0.031604 0.117185
0 0.751135 0.086681 0.028896 0.091491
0 0.802602 0.112361 0.028891 0.091500
0 0.880701 0.142060 0.040630 0.109157
0 0.954289 0.177375 0.046953 0.128417
0 0.894695 0.067421 0.032505 0.072231
0 0.843232 0.059394 0.027089 0.072231
0 0.800341 0.039329 0.029797 0.073843
0 0.776867 0.888051 0.156203 0.223898
0 0.597187 0.539338 0.109250 0.232750
0 0.534885 0.351532 0.056885 0.187806
0 0.708698 0.070630 0.019865 0.065815
0 0.459492 0.134838 0.028891 0.097917
0 0.437372 0.086681 0.029797 0.069028
0 0.297872 0.115574 0.032505 0.091500
0 0.256789 0.197440 0.027995 0.078657
0 0.252727 0.276088 0.043339 0.117176
0 0.205776 0.365981 0.055979 0.165333
0 0.134443 0.548167 0.090292 0.221519
0 0.027945 0.923366 0.055891 0.153269
0 0.834203 0.286528 0.039729 0.170148
0 0.734883 0.214292 0.041536 0.112361
0 0.677096 0.166940 0.036120 0.110750
0 0.630143 0.134838 0.034307 0.088287
0 0.584547 0.093097 0.022573 0.062602
0 0.564682 0.072231 0.020771 0.069019
0 0.679802 0.054579 0.025281 0.072231
