0 0.907672 0.335861 0.035891 0.116333
0 0.392520 0.858590 0.136461 0.279292
0 0.442711 0.522729 0.060703 0.223736
0 0.468277 0.414986 0.047445 0.119361
0 0.472066 0.332493 0.037977 0.062458
0 0.474906 0.285354 0.020734 0.035181
0 0.053031 0.449583 0.061453 0.124583
0 0.197020 0.379632 0.044508 0.153375
0 0.229168 0.349326 0.038727 0.139903
0 0.260418 0.324076 0.038727 0.115986
0 0.786457 0.444444 0.056914 0.168194
0 0.856535 0.526097 0.055023 0.227444
0 0.944602 0.641417 0.053125 0.208583
0 0.952652 0.358674 0.033242 0.117847
