0 0.638948 0.066417 0.024188 0.067981
0 0.785266 0.824593 0.148271 0.346833
0 0.631924 0.470130 0.094422 0.215037
0 0.580810 0.302958 0.060870 0.188676
0 0.528135 0.162833 0.044479 0.116537
0 0.512526 0.110810 0.028875 0.092954
0 0.505115 0.083065 0.034333 0.092944
0 0.484826 0.055319 0.021849 0.076306
0 0.356453 0.067111 0.028875 0.069370
0 0.352552 0.105958 0.027313 0.088787
0 0.318216 0.144106 0.035120 0.073528
0 0.317435 0.214171 0.038234 0.122083
0 0.270612 0.299491 0.056964 0.162315
0 0.207404 0.447236 0.088182 0.208102
0 0.094638 0.804477 0.152953 0.326028
0 0.874232 0.253009 0.051505 0.163704
0 0.776685 0.184338 0.040578 0.109602
0 0.725180 0.141333 0.043703 0.109593
0 0.679138 0.102486 0.034339 0.090176
0 0.614367 0.046995 0.021849 0.067972
0 0.733372 0.033815 0.024193 0.066593
0 0.762247 0.051157 0.022630 0.079074
0 0.802438 0.064333 0.028094 0.083241
0 0.855500 0.087921 0.029656 0.088787
0 0.928466 0.126769 0.033557 0.099889
0 0.988620 0.163528 0.022760 0.112370
0 0.948365 0.057398 0.026531 0.077685
0 0.897641 0.040060 0.024969 0.073528
0 0.856672 0.022458 0.022635 0.044917
