0 0.653776 0.065028 0.028875 0.065204
0 0.748979 0.032167 0.025750 0.064333
0 0.694745 0.101102 0.032771 0.087407
0 0.743128 0.136477 0.034339 0.108213
0 0.795411 0.185032 0.043698 0.110991
0 0.782146 0.043528 0.029656 0.077685
0 0.822336 0.060870 0.030432 0.084630
0 0.631924 0.043528 0.022630 0.069370
0 0.596029 0.292551 0.050724 0.178972
0 0.542964 0.159370 0.038240 0.117926
0 0.525794 0.087227 0.030432 0.090176
0 0.509794 0.056708 0.023411 0.076306
0 0.374792 0.062255 0.026531 0.059657
0 0.368549 0.103875 0.029651 0.079083
0 0.340065 0.138556 0.031995 0.065204
0 0.336555 0.214167 0.039016 0.110981
0 0.299096 0.296019 0.056182 0.160926
0 0.241737 0.435444 0.088182 0.201167
0 0.132878 0.761468 0.134224 0.303824
0 0.888667 0.250931 0.038240 0.167861
0 0.945245 0.121912 0.035896 0.109602
0 0.965924 0.058093 0.031995 0.076296
0 0.916372 0.036588 0.023411 0.072139
0 0.871888 0.024537 0.023411 0.049074
0 0.653776 0.461806 0.094427 0.215037
0 0.786828 0.805171 0.126417 0.352380
0 0.873060 0.089310 0.030432 0.094343
