0 0.378063 0.073111 0.034073 0.100963
0 0.341404 0.124514 0.028911 0.067917
0 0.868544 0.074954 0.027880 0.086278
0 0.941344 0.107074 0.039240 0.099130
0 0.150891 0.722958 0.127010 0.288213
0 0.247956 0.414556 0.077443 0.200093
0 0.302167 0.277796 0.047500 0.154204
0 0.341404 0.200694 0.035109 0.113815
0 0.746182 0.022329 0.020656 0.044657
0 0.913464 0.026000 0.022719 0.052000
0 0.966125 0.039769 0.028917 0.079537
0 0.778711 0.036097 0.019620 0.072194
0 0.821044 0.054759 0.029943 0.086278
0 0.781807 0.754167 0.120813 0.339611
0 0.649635 0.436588 0.089833 0.200102
0 0.597487 0.276880 0.051630 0.174389
0 0.886099 0.236495 0.048531 0.159713
0 0.796263 0.169491 0.042339 0.113815
0 0.742568 0.123597 0.038208 0.110139
0 0.696617 0.085046 0.030974 0.088111
0 0.654281 0.049250 0.022719 0.060574
0 0.631565 0.030593 0.020651 0.061185
0 0.543279 0.142870 0.036141 0.100963
0 0.531919 0.085963 0.027880 0.086278
0 0.513333 0.048333 0.029948 0.088111
