0 0.927297 0.123296 0.037458 0.101278
0 0.855503 0.090694 0.031214 0.099889
0 0.802435 0.065722 0.031214 0.083241
0 0.762247 0.045606 0.024193 0.087398
0 0.733372 0.033815 0.025755 0.063815
0 0.615536 0.045606 0.024188 0.067972
0 0.638167 0.067806 0.027313 0.067981
0 0.678747 0.102486 0.033557 0.092954
0 0.724010 0.139944 0.038240 0.109593
0 0.783318 0.185037 0.047604 0.113759
0 0.873060 0.252315 0.047599 0.165093
0 0.092690 0.812801 0.152172 0.323250
0 0.209745 0.452787 0.102229 0.208093
0 0.269443 0.305731 0.057750 0.163704
0 0.313924 0.216944 0.043703 0.116537
0 0.315094 0.146185 0.030438 0.063815
0 0.349430 0.097634 0.024193 0.074917
0 0.354112 0.060866 0.025755 0.054102
0 0.484435 0.055319 0.022630 0.073528
0 0.501214 0.078903 0.034333 0.079083
0 0.510578 0.110810 0.029656 0.076306
0 0.526185 0.164222 0.040578 0.119315
0 0.578081 0.303653 0.052286 0.190065
0 0.637385 0.475681 0.100667 0.220583
0 0.783708 0.830444 0.137344 0.339111
0 0.857453 0.023843 0.021073 0.047685
0 0.896471 0.040755 0.025755 0.072139
0 0.947193 0.055319 0.027312 0.076306
0 0.989010 0.168384 0.021979 0.119306
