0 0.465090 0.395764 0.047117 0.124667
0 0.394418 0.856632 0.127102 0.286736
0 0.442082 0.512639 0.060258 0.225944
0 0.476594 0.326618 0.046016 0.083764
0 0.479336 0.269153 0.027391 0.042861
0 0.042707 0.432778 0.061352 0.128556
0 0.191172 0.356806 0.038344 0.155833
0 0.223496 0.328562 0.039445 0.138292
0 0.253625 0.304215 0.040547 0.124653
0 0.785027 0.431806 0.051492 0.173361
0 0.866109 0.507764 0.071219 0.220111
0 0.963074 0.640222 0.070117 0.227889
0 0.910480 0.315903 0.037258 0.112972
0 0.960883 0.343174 0.043828 0.136347
