0 0.232409 0.363574 0.064109 0.163722
0 0.814792 0.039329 0.022573 0.057787
0 0.857227 0.052972 0.024380 0.065815
0 0.908693 0.069023 0.026187 0.075435
0 0.967383 0.171755 0.038828 0.123602
0 0.896503 0.142060 0.037922 0.102731
0 0.814339 0.109954 0.027083 0.096315
0 0.763776 0.081866 0.023479 0.088287
0 0.722242 0.068218 0.021672 0.077046
0 0.691091 0.057787 0.020766 0.072241
0 0.573711 0.069023 0.024380 0.062602
0 0.600349 0.091495 0.025281 0.072231
0 0.645945 0.131625 0.033411 0.094713
0 0.693799 0.169347 0.037016 0.115565
0 0.747521 0.214292 0.045146 0.121991
0 0.845036 0.285722 0.055979 0.171759
0 0.041940 0.900093 0.083880 0.199815
0 0.156565 0.536130 0.085776 0.219907
0 0.787250 0.880028 0.149885 0.239944
0 0.613440 0.533722 0.109255 0.224722
0 0.548880 0.346718 0.059594 0.187806
0 0.487031 0.195032 0.038823 0.118787
0 0.472586 0.129218 0.031599 0.099528
0 0.449563 0.091495 0.030698 0.078657
0 0.313672 0.123602 0.033406 0.104333
0 0.278008 0.183792 0.032505 0.057787
0 0.272138 0.265657 0.040630 0.122000
