0 0.779805 0.044912 0.020286 0.074917
0 0.820776 0.058093 0.025750 0.087407
0 0.871500 0.085838 0.028875 0.090176
0 0.948365 0.122602 0.037458 0.102667
0 0.965531 0.053931 0.028094 0.067972
0 0.915589 0.041444 0.026531 0.070759
0 0.871107 0.024537 0.023411 0.049074
0 0.795021 0.180870 0.038240 0.110981
0 0.888276 0.250931 0.043698 0.167861
0 0.596807 0.291162 0.047604 0.176194
0 0.657289 0.458338 0.096766 0.208102
0 0.787609 0.787829 0.120177 0.331565
0 0.373229 0.097634 0.028094 0.074917
0 0.378695 0.065032 0.031214 0.070750
0 0.541010 0.155204 0.034333 0.115148
0 0.508628 0.054625 0.022630 0.074917
0 0.523062 0.085838 0.029656 0.106824
0 0.532036 0.118440 0.030438 0.094343
0 0.140292 0.758694 0.130323 0.301056
0 0.241349 0.427120 0.085844 0.198389
0 0.300656 0.291162 0.048385 0.156769
0 0.338503 0.210005 0.041359 0.110991
0 0.343966 0.141333 0.030432 0.076296
0 0.658068 0.065028 0.031219 0.065204
0 0.697477 0.096940 0.030432 0.090176
0 0.741568 0.134394 0.035896 0.106824
0 0.634656 0.038671 0.020292 0.067972
0 0.750151 0.032167 0.023406 0.064333
