0 0.963542 0.038852 0.025812 0.077704
0 0.913979 0.026921 0.021688 0.053843
0 0.872674 0.015907 0.021682 0.031815
0 0.543279 0.145625 0.034078 0.121157
0 0.529336 0.082292 0.028911 0.089954
0 0.509201 0.045579 0.027880 0.075269
0 0.376513 0.046495 0.026849 0.055065
0 0.371349 0.081375 0.024781 0.066083
0 0.342438 0.130019 0.028917 0.071593
0 0.342438 0.199778 0.035104 0.111981
0 0.303198 0.276880 0.049563 0.152370
0 0.247440 0.412722 0.076411 0.203759
0 0.158120 0.728463 0.120812 0.284537
0 0.883000 0.232824 0.042333 0.167056
0 0.793680 0.166736 0.037172 0.108306
0 0.742568 0.119005 0.040271 0.104639
0 0.697135 0.085968 0.023750 0.093620
0 0.655831 0.049250 0.025818 0.067926
0 0.631565 0.033644 0.020651 0.062417
0 0.748763 0.026921 0.017557 0.053843
0 0.778193 0.032426 0.020656 0.064852
0 0.818979 0.043440 0.025812 0.086880
0 0.866995 0.070361 0.033042 0.084444
0 0.943406 0.099731 0.033042 0.099130
0 0.653766 0.431079 0.096031 0.207435
0 0.776128 0.743153 0.113589 0.339602
0 0.595937 0.279634 0.040271 0.187250
0 0.994938 0.153884 0.010125 0.089954
