0 0.222398 0.320771 0.035062 0.130514
0 0.387844 0.866174 0.133672 0.259069
0 0.443180 0.519451 0.062453 0.224014
0 0.464539 0.392840 0.052594 0.114931
0 0.476047 0.313958 0.038344 0.062333
0 0.479336 0.269153 0.025203 0.046750
0 0.037777 0.436667 0.060258 0.155833
0 0.187883 0.352910 0.042734 0.151931
0 0.249789 0.292528 0.035062 0.116861
0 0.793793 0.420111 0.049305 0.173361
0 0.873227 0.513611 0.063547 0.243472
0 0.971676 0.649958 0.056648 0.251278
0 0.918152 0.308111 0.030680 0.109083
0 0.965266 0.338306 0.041641 0.122722
