0 0.402656 0.843868 0.126406 0.312264
0 0.069930 0.442153 0.074938 0.112361
0 0.199500 0.377132 0.045141 0.168542
0 0.445109 0.514368 0.059625 0.234319
0 0.467664 0.411646 0.045141 0.118792
0 0.476695 0.326576 0.054172 0.115569
0 0.230199 0.345833 0.030695 0.141250
0 0.258641 0.318549 0.035219 0.128403
0 0.774656 0.439736 0.059594 0.181389
0 0.847340 0.518389 0.062305 0.226333
0 0.942508 0.640903 0.092984 0.239583
0 0.946688 0.360451 0.036563 0.139292
0 0.901762 0.334451 0.034477 0.117014
0 0.736703 0.337243 0.013578 0.074292
