0 0.875773 0.212625 0.044401 0.163380
0 0.773031 0.726634 0.119781 0.332269
0 0.640341 0.421903 0.081578 0.211102
0 0.592844 0.263111 0.056792 0.179907
0 0.786453 0.149296 0.035104 0.110148
0 0.737404 0.108907 0.034078 0.113815
0 0.691971 0.071278 0.027880 0.097296
0 0.649120 0.040069 0.024781 0.067917
0 0.626401 0.029671 0.020656 0.059343
0 0.537081 0.132773 0.034078 0.110139
0 0.529336 0.094227 0.026849 0.095454
0 0.519013 0.063935 0.028911 0.097296
0 0.503005 0.037014 0.025812 0.074028
0 0.373932 0.047412 0.032010 0.075269
0 0.367219 0.076787 0.024781 0.086278
0 0.340888 0.123597 0.027880 0.080769
0 0.335211 0.191519 0.028911 0.117481
0 0.298552 0.266782 0.048531 0.154194
0 0.242276 0.404458 0.074344 0.205602
0 0.151409 0.702769 0.130109 0.299222
0 0.991839 0.130940 0.016323 0.110139
0 0.938760 0.095144 0.042333 0.111972
0 0.862865 0.055676 0.037177 0.099130
0 0.815883 0.038852 0.021682 0.077704
0 0.774060 0.029671 0.020651 0.059343
0 0.744633 0.018657 0.017557 0.037315
0 0.957346 0.026921 0.025818 0.053843
0 0.910883 0.023250 0.019620 0.046500
