0 0.505112 0.110810 0.032776 0.073528
0 0.493409 0.072657 0.021849 0.063815
0 0.482484 0.061560 0.028094 0.072139
0 0.354112 0.058093 0.028870 0.048556
0 0.350602 0.098324 0.024974 0.079074
0 0.314315 0.144801 0.033557 0.055491
0 0.309242 0.221796 0.039016 0.126241
0 0.270612 0.310583 0.058526 0.165093
0 0.205060 0.457644 0.088182 0.206713
0 0.089565 0.820426 0.152172 0.310759
0 0.872279 0.257870 0.049161 0.167870
0 0.777854 0.183648 0.046042 0.113759
0 0.720107 0.142718 0.038234 0.106824
0 0.675628 0.108037 0.031995 0.095722
0 0.635828 0.067111 0.027313 0.066593
0 0.612026 0.045611 0.024969 0.065204
0 0.727911 0.035204 0.025750 0.063815
0 0.761076 0.049079 0.023411 0.074917
0 0.800484 0.067806 0.027313 0.081852
0 0.849258 0.092083 0.034339 0.086019
0 0.925344 0.125375 0.038240 0.108213
0 0.987839 0.164222 0.024323 0.116537
0 0.948755 0.056704 0.035115 0.081852
0 0.893349 0.040750 0.021073 0.063815
0 0.849648 0.019681 0.016391 0.039361
0 0.784487 0.835991 0.145151 0.328019
0 0.634656 0.479838 0.103010 0.220583
0 0.571445 0.300181 0.053068 0.185898
0 0.520724 0.162833 0.037458 0.116537
