0 0.644799 0.472208 0.095203 0.219194
0 0.586273 0.292551 0.063995 0.184509
0 0.878521 0.250935 0.044479 0.165093
0 0.786828 0.182259 0.045260 0.110981
0 0.730643 0.133009 0.040578 0.109593
0 0.687721 0.099019 0.034339 0.097111
0 0.645971 0.058787 0.031995 0.072148
0 0.860964 0.088616 0.034333 0.092954
0 0.936271 0.121218 0.036677 0.105435
0 0.992911 0.166306 0.014177 0.109593
0 0.811411 0.059481 0.028875 0.081852
0 0.770052 0.043528 0.027313 0.077685
0 0.738836 0.029394 0.022630 0.058787
0 0.532430 0.159366 0.032776 0.109602
0 0.779414 0.805861 0.124078 0.348222
0 0.521112 0.112889 0.028870 0.099889
0 0.509016 0.076819 0.028094 0.074917
0 0.494190 0.052542 0.023411 0.076306
0 0.365427 0.060171 0.029656 0.072139
0 0.365036 0.098324 0.035115 0.079074
0 0.324849 0.135782 0.031219 0.076306
0 0.323680 0.212782 0.042922 0.122083
0 0.285440 0.289778 0.060089 0.159537
0 0.225349 0.436139 0.092865 0.210870
0 0.108294 0.782282 0.142807 0.320472
0 0.903492 0.037977 0.024193 0.072139
0 0.955000 0.057398 0.027312 0.083241
0 0.862526 0.023843 0.018729 0.047685
0 0.621781 0.046301 0.025750 0.080472
