0 0.817948 0.043440 0.025812 0.086880
0 0.784904 0.739481 0.110484 0.335944
0 0.643956 0.428329 0.078474 0.209269
0 0.601620 0.273208 0.047500 0.174398
0 0.884549 0.224565 0.045432 0.168889
0 0.793164 0.159394 0.036141 0.108306
0 0.740505 0.117171 0.032010 0.108306
0 0.698682 0.083213 0.037177 0.088111
0 0.655315 0.047417 0.028911 0.067926
0 0.631049 0.030593 0.019620 0.061185
0 0.541727 0.141954 0.028911 0.110148
0 0.530885 0.088718 0.021687 0.080769
0 0.522109 0.063940 0.028917 0.078935
0 0.505070 0.042824 0.019620 0.080778
0 0.379094 0.041907 0.025812 0.053241
0 0.373930 0.085046 0.027880 0.084444
0 0.345536 0.135532 0.030979 0.078935
0 0.339854 0.197944 0.040271 0.115648
0 0.306812 0.282389 0.048531 0.167056
0 0.251570 0.410884 0.078474 0.207435
0 0.153474 0.727546 0.130104 0.297389
0 0.942375 0.096060 0.035104 0.110139
0 0.870609 0.066690 0.029948 0.102806
0 0.779742 0.031509 0.021682 0.063019
