0 0.450301 0.532118 0.050398 0.198681
0 0.470566 0.404528 0.049305 0.126611
0 0.483168 0.325646 0.037258 0.070125
0 0.484266 0.274028 0.026297 0.048694
0 0.035039 0.457118 0.061359 0.149986
0 0.197195 0.365569 0.043828 0.146083
0 0.227875 0.327590 0.032875 0.120764
0 0.254172 0.303243 0.041641 0.118819
0 0.803105 0.440569 0.050398 0.175306
0 0.876516 0.514583 0.052594 0.233750
0 0.925273 0.313951 0.033969 0.120764
0 0.974578 0.345118 0.042734 0.132458
0 0.980988 0.664563 0.038023 0.245431
0 0.397707 0.882931 0.135867 0.234139
