0 0.412654 0.130940 0.020651 0.069750
0 0.213880 0.686245 0.112552 0.240472
0 0.194260 0.465042 0.073312 0.198250
0 0.166898 0.283306 0.043370 0.132167
0 0.161219 0.197028 0.034073 0.069759
0 0.149341 0.163986 0.035109 0.077102
0 0.293906 0.145625 0.024781 0.077102
0 0.314557 0.169491 0.024781 0.080778
0 0.349148 0.211713 0.034078 0.102796
0 0.387872 0.249343 0.037172 0.115648
0 0.433305 0.294319 0.043370 0.117491
0 0.507654 0.370500 0.049568 0.159704
0 0.655831 0.510931 0.069182 0.205602
0 0.934630 0.811079 0.118750 0.321250
0 0.959414 0.415477 0.058859 0.201935
0 0.757023 0.324611 0.042339 0.126667
0 0.821563 0.213546 0.033042 0.110148
0 0.734307 0.185093 0.034073 0.097296
0 0.635693 0.245676 0.041302 0.126667
0 0.577354 0.219056 0.034073 0.102796
0 0.604201 0.145625 0.025818 0.066083
0 0.562898 0.130940 0.019620 0.058750
0 0.528305 0.115338 0.016526 0.064250
0 0.515914 0.189685 0.024786 0.084444
0 0.473578 0.163981 0.022719 0.088111
0 0.440016 0.145625 0.023750 0.088120
