0 0.967457 0.339278 0.041633 0.128556
0 0.390582 0.866174 0.136961 0.259069
0 0.443727 0.516535 0.072312 0.229847
0 0.467828 0.376285 0.046016 0.097403
0 0.477141 0.306167 0.047109 0.062333
0 0.477141 0.254542 0.025203 0.048694
0 0.034488 0.448361 0.055883 0.159722
0 0.186789 0.351937 0.047109 0.157764
0 0.222945 0.322715 0.038344 0.134403
0 0.251980 0.296424 0.037258 0.136347
0 0.796531 0.426931 0.054781 0.183111
0 0.871586 0.509715 0.062453 0.235681
0 0.976059 0.648014 0.047883 0.231806
0 0.915961 0.305194 0.035062 0.111028
