0 0.771997 0.030593 0.020651 0.061185
0 0.957865 0.032426 0.022719 0.064852
0 0.904169 0.021412 0.018589 0.042824
0 0.991323 0.128185 0.017354 0.108315
0 0.934630 0.090551 0.038208 0.106472
0 0.860284 0.057509 0.029943 0.099130
0 0.812784 0.041606 0.027880 0.083213
0 0.741018 0.018657 0.018589 0.037315
0 0.626917 0.028755 0.021688 0.057509
0 0.649635 0.040690 0.025812 0.081380
0 0.690422 0.073116 0.030979 0.097287
0 0.736372 0.107074 0.036141 0.124833
0 0.788518 0.152972 0.039234 0.113815
0 0.876807 0.210792 0.040271 0.159713
0 0.149859 0.704606 0.131135 0.306565
0 0.239177 0.399875 0.078479 0.207435
0 0.302167 0.264949 0.053698 0.161546
0 0.335724 0.190597 0.048531 0.119324
0 0.340372 0.133690 0.037172 0.119324
0 0.375995 0.066690 0.040271 0.106472
0 0.503005 0.037014 0.038208 0.074028
0 0.523659 0.073116 0.029943 0.097287
0 0.639307 0.415477 0.079510 0.205602
0 0.595424 0.264028 0.059891 0.189074
0 0.769414 0.715620 0.106359 0.324926
0 0.537596 0.131856 0.035109 0.111972
