0 0.395516 0.869292 0.144625 0.261417
0 0.036680 0.443493 0.062453 0.134403
0 0.191719 0.352910 0.037250 0.144153
0 0.224039 0.320771 0.036156 0.138292
0 0.255270 0.296424 0.041633 0.112986
0 0.966906 0.340250 0.044922 0.122722
0 0.919246 0.311035 0.037258 0.114931
0 0.975512 0.645090 0.048977 0.229847
0 0.872133 0.510687 0.059172 0.229847
0 0.797078 0.426931 0.055875 0.175306
0 0.477145 0.263312 0.023008 0.054542
0 0.476047 0.305188 0.042734 0.048708
0 0.468926 0.384076 0.054789 0.120764
0 0.444820 0.514583 0.065734 0.214278
