0 0.899641 0.331493 0.031703 0.113903
0 0.940109 0.627062 0.072172 0.235014
0 0.847371 0.516750 0.059352 0.215833
0 0.778574 0.438806 0.053961 0.172667
0 0.734734 0.341083 0.016188 0.073139
0 0.260250 0.319507 0.037094 0.113903
0 0.232598 0.340486 0.034398 0.124694
0 0.201574 0.371667 0.046539 0.151083
0 0.067020 0.434618 0.059352 0.111514
0 0.477766 0.292528 0.026984 0.045556
0 0.477094 0.335687 0.040469 0.055153
0 0.467648 0.406431 0.043172 0.115111
0 0.441348 0.510153 0.047211 0.207444
0 0.942133 0.362069 0.039797 0.124694
0 0.397844 0.821903 0.118031 0.293778
