0 0.672867 0.524704 0.070214 0.196426
0 0.528305 0.380597 0.051630 0.157880
0 0.650667 0.254852 0.040271 0.123000
0 0.590260 0.228231 0.035104 0.102796
0 0.615042 0.155722 0.022719 0.071593
0 0.574771 0.139199 0.026844 0.064250
0 0.540180 0.126352 0.023745 0.060574
0 0.529852 0.197944 0.027880 0.082611
0 0.489065 0.175000 0.028911 0.084444
0 0.451893 0.161227 0.028911 0.078935
0 0.427628 0.144708 0.021682 0.075269
0 0.447763 0.305333 0.037172 0.110148
0 0.404393 0.253019 0.039234 0.115648
0 0.235562 0.702769 0.104292 0.244148
0 0.215945 0.478810 0.075380 0.196417
0 0.178255 0.297069 0.043365 0.119324
0 0.175156 0.215384 0.030979 0.088120
0 0.157089 0.163981 0.032010 0.069759
0 0.011682 0.202440 0.023365 0.106657
0 0.305781 0.154801 0.017552 0.077102
0 0.326432 0.173162 0.021688 0.073435
0 0.361539 0.219972 0.036141 0.093630
0 0.834469 0.222727 0.034073 0.110139
0 0.773029 0.330116 0.051630 0.130343
0 0.748763 0.189681 0.036141 0.106472
0 0.952602 0.823926 0.094797 0.324926
0 0.973768 0.420981 0.052464 0.201926
