0 0.393324 0.878062 0.140242 0.243875
0 0.924727 0.314931 0.037250 0.107139
0 0.980441 0.659701 0.039117 0.259069
0 0.881992 0.516535 0.063547 0.229847
0 0.805297 0.430826 0.059172 0.179208
0 0.261293 0.300319 0.049305 0.120778
0 0.225141 0.323694 0.036156 0.128556
0 0.191172 0.360701 0.042734 0.151931
0 0.037227 0.451278 0.063547 0.153889
0 0.483168 0.266229 0.030680 0.052597
0 0.480430 0.313951 0.044922 0.058431
0 0.474953 0.398688 0.044922 0.122708
0 0.447012 0.521403 0.061352 0.220111
0 0.974578 0.345118 0.044922 0.120764
