0 0.405598 0.838090 0.107914 0.316542
0 0.443707 0.517347 0.058680 0.212222
0 0.468660 0.405236 0.043836 0.110306
0 0.476754 0.331500 0.035742 0.080333
0 0.478441 0.282931 0.021586 0.043167
0 0.070371 0.439979 0.060664 0.115042
0 0.205621 0.374660 0.049242 0.149875
0 0.234957 0.341687 0.031023 0.131903
0 0.259578 0.321306 0.033047 0.115111
0 0.739117 0.347681 0.016859 0.079139
0 0.778238 0.432812 0.054633 0.175069
0 0.843324 0.512549 0.062055 0.221819
0 0.937414 0.632451 0.081609 0.219431
0 0.900992 0.334493 0.033047 0.112708
0 0.945504 0.360875 0.041148 0.124694
