0 0.931164 0.085171 0.040161 0.099954
0 0.643753 0.046218 0.018828 0.041417
0 0.691497 0.069222 0.025078 0.081074
0 0.734781 0.102542 0.029542 0.122324
0 0.808409 0.051769 0.019724 0.046167
0 0.766003 0.702019 0.111745 0.331648
0 0.645266 0.410773 0.097542 0.207065
0 0.148888 0.687986 0.126818 0.303194
0 0.241703 0.396056 0.089333 0.208000
0 0.297036 0.258819 0.048281 0.155639
0 0.330500 0.191389 0.029542 0.109630
0 0.335411 0.127926 0.032219 0.081074
0 0.366201 0.070810 0.027755 0.093769
0 0.585341 0.251759 0.044620 0.172944
0 0.534471 0.123245 0.035703 0.109472
0 0.521039 0.070810 0.030432 0.087417
0 0.499667 0.048597 0.024990 0.039824
0 0.871372 0.201782 0.047297 0.165009
0 0.784805 0.144662 0.041943 0.114231
0 0.989010 0.117694 0.021979 0.111056
0 0.860617 0.066051 0.027755 0.074731
