0 0.625292 0.042833 0.023406 0.059648
0 0.785659 0.814190 0.144370 0.353769
0 0.645190 0.465278 0.103786 0.213648
0 0.589005 0.296019 0.053844 0.177574
0 0.535549 0.157287 0.039016 0.116537
0 0.522284 0.114278 0.031214 0.094333
0 0.512529 0.077519 0.030432 0.084630
0 0.495359 0.051153 0.025750 0.073528
0 0.368161 0.058093 0.027313 0.065204
0 0.363089 0.094856 0.026531 0.077694
0 0.325630 0.143412 0.029656 0.074917
0 0.324458 0.210704 0.042917 0.115148
0 0.288172 0.289773 0.056187 0.156769
0 0.225352 0.431977 0.097547 0.208102
0 0.111417 0.770486 0.156854 0.313528
0 0.881253 0.252319 0.043703 0.178972
0 0.788779 0.180176 0.042922 0.112370
0 0.734542 0.135088 0.037458 0.108213
0 0.686549 0.097634 0.031995 0.094343
0 0.644802 0.060171 0.028094 0.072139
0 0.743128 0.033556 0.029651 0.067111
0 0.771221 0.042833 0.020286 0.076296
0 0.813362 0.067111 0.029651 0.086019
0 0.862917 0.088611 0.028875 0.098500
0 0.939003 0.127458 0.042141 0.106824
0 0.955779 0.048384 0.031995 0.076306
0 0.906615 0.036588 0.027313 0.072139
