0 0.990961 0.167000 0.018078 0.102667
0 0.783708 0.816264 0.137344 0.352380
0 0.642070 0.465273 0.094422 0.210880
0 0.585883 0.295324 0.061651 0.184519
0 0.880083 0.249546 0.052281 0.167870
0 0.780195 0.184343 0.041359 0.115148
0 0.728690 0.137866 0.035120 0.105435
0 0.685771 0.099713 0.033552 0.087407
0 0.642849 0.065727 0.030438 0.074917
0 0.622172 0.042139 0.028094 0.069370
0 0.738445 0.031042 0.023411 0.058269
0 0.767320 0.046991 0.021849 0.081852
0 0.809070 0.062255 0.031995 0.090176
0 0.857451 0.086532 0.033557 0.086009
0 0.934318 0.121218 0.037458 0.105435
0 0.955000 0.055319 0.028875 0.090176
0 0.905055 0.037282 0.025755 0.067972
0 0.860964 0.025926 0.021854 0.051852
0 0.529698 0.159370 0.036677 0.115148
0 0.523841 0.117750 0.032776 0.095722
0 0.514089 0.088616 0.030437 0.092954
0 0.500042 0.064338 0.028875 0.091565
0 0.364258 0.062255 0.031995 0.073528
0 0.357234 0.094856 0.030438 0.077694
0 0.326409 0.139250 0.029651 0.066593
0 0.322508 0.212088 0.039016 0.120694
0 0.284659 0.295329 0.058526 0.159546
0 0.216375 0.444463 0.092083 0.208093
0 0.107122 0.785056 0.143589 0.312148
