0 0.656346 0.449440 0.103255 0.218454
0 0.786969 0.771606 0.122875 0.337769
0 0.600070 0.286060 0.058859 0.181731
0 0.890229 0.245671 0.056792 0.163380
0 0.793680 0.172245 0.045432 0.108306
0 0.743599 0.129102 0.040271 0.110148
0 0.697648 0.094227 0.035109 0.095454
0 0.655313 0.058431 0.024781 0.075269
0 0.635177 0.038231 0.023750 0.071593
0 0.544310 0.154806 0.038203 0.113815
0 0.535531 0.108907 0.033042 0.099130
0 0.522109 0.071278 0.024781 0.075259
0 0.506104 0.048333 0.021687 0.069759
0 0.378063 0.054759 0.029948 0.067926
0 0.374448 0.083208 0.028917 0.066083
0 0.343987 0.130019 0.029943 0.056907
0 0.343987 0.205287 0.044401 0.115648
0 0.301651 0.279634 0.056792 0.150528
0 0.248987 0.425574 0.089839 0.214778
0 0.145211 0.743153 0.132172 0.313917
0 0.944440 0.112583 0.035109 0.099130
0 0.869578 0.076787 0.038208 0.089944
0 0.821044 0.059347 0.025818 0.088120
0 0.780773 0.039153 0.021682 0.073435
0 0.751346 0.029671 0.018589 0.059343
0 0.874224 0.019579 0.020656 0.039157
0 0.916044 0.030593 0.019620 0.061185
0 0.966125 0.044662 0.022719 0.066083
