0 0.302167 0.280551 0.047500 0.156028
0 0.782323 0.760593 0.125979 0.341444
0 0.653247 0.441181 0.092932 0.205602
0 0.599036 0.275963 0.054729 0.179907
0 0.883000 0.232824 0.048531 0.174389
0 0.797297 0.170407 0.046469 0.115648
0 0.744117 0.121759 0.041307 0.117481
0 0.698167 0.085963 0.029948 0.089944
0 0.656865 0.046495 0.023750 0.066083
0 0.632596 0.033343 0.018589 0.066685
0 0.543794 0.146546 0.037172 0.115648
0 0.528305 0.075870 0.028911 0.088111
0 0.514365 0.054759 0.029948 0.086278
0 0.377547 0.047412 0.022719 0.060583
0 0.375482 0.086880 0.020651 0.084444
0 0.343987 0.127269 0.027880 0.069759
0 0.341922 0.199782 0.038208 0.108306
0 0.243310 0.411806 0.082609 0.201926
0 0.153990 0.726630 0.124948 0.295556
0 0.943924 0.107995 0.038203 0.104639
0 0.872159 0.071278 0.035109 0.082611
0 0.822076 0.054755 0.027880 0.078935
0 0.779227 0.037014 0.018589 0.074028
0 0.749797 0.025083 0.017552 0.050167
0 0.967159 0.035181 0.020651 0.070361
0 0.915010 0.027838 0.021688 0.055676
0 0.871125 0.014069 0.018583 0.028139
