0 0.773708 0.083468 0.034313 0.091491
0 0.789508 0.874407 0.156203 0.251185
0 0.619307 0.536134 0.095708 0.232750
0 0.556107 0.345917 0.057786 0.182981
0 0.849102 0.280907 0.046047 0.168537
0 0.972799 0.170949 0.040630 0.128417
0 0.896052 0.142060 0.038823 0.109157
0 0.914560 0.066616 0.032505 0.093102
0 0.864901 0.054579 0.023479 0.078657
0 0.817951 0.038523 0.018057 0.059398
0 0.823370 0.109153 0.025281 0.094713
0 0.728560 0.067417 0.027089 0.075444
0 0.701023 0.054574 0.020766 0.069019
0 0.752940 0.206264 0.041536 0.109157
0 0.697411 0.167741 0.037021 0.109148
0 0.649557 0.129218 0.031604 0.093102
0 0.604411 0.093907 0.027990 0.080259
0 0.580484 0.067417 0.021667 0.065815
0 0.494708 0.198241 0.039729 0.122000
0 0.479357 0.130023 0.032505 0.088287
0 0.455430 0.087481 0.026182 0.061000
0 0.317284 0.114773 0.033411 0.093102
0 0.281169 0.193426 0.029797 0.073833
0 0.276201 0.267264 0.032505 0.112361
0 0.236924 0.364375 0.056880 0.162120
0 0.166951 0.535329 0.097516 0.215102
0 0.045552 0.894472 0.091104 0.211056
