0 0.478922 0.863069 0.150609 0.273861
0 0.515992 0.524285 0.056187 0.206708
0 0.540961 0.438278 0.053062 0.173417
0 0.552277 0.355035 0.038242 0.090181
0 0.553059 0.303701 0.038242 0.087403
0 0.329871 0.309944 0.039805 0.111000
0 0.304898 0.341160 0.038234 0.129014
0 0.271344 0.364049 0.047609 0.152597
0 0.139461 0.452840 0.046047 0.155375
0 0.030906 0.598507 0.061813 0.274681
0 0.777805 0.318965 0.033563 0.112375
0 0.810578 0.358500 0.042922 0.113750
0 0.867156 0.441049 0.056188 0.176181
0 0.951438 0.526368 0.067109 0.219208
0 0.986254 0.331444 0.027492 0.104056
