0 0.445180 0.152968 0.021682 0.066083
0 0.227305 0.697259 0.116682 0.236815
0 0.202521 0.475139 0.065052 0.185407
0 0.168961 0.296157 0.037172 0.113815
0 0.168445 0.200694 0.038203 0.084444
0 0.155536 0.163065 0.033042 0.067926
0 0.008070 0.195097 0.016141 0.080954
0 0.297521 0.152046 0.023750 0.071593
0 0.318172 0.178671 0.023750 0.080769
0 0.353281 0.217222 0.032010 0.099130
0 0.394583 0.253935 0.034073 0.110148
0 0.441049 0.302579 0.042339 0.108306
0 0.517979 0.376926 0.045438 0.161537
0 0.666156 0.521949 0.062990 0.209269
0 0.941242 0.817500 0.117516 0.323093
0 0.964576 0.416394 0.052661 0.203769
0 0.763219 0.326444 0.046469 0.123000
0 0.824659 0.219972 0.039234 0.115648
0 0.738953 0.193356 0.030979 0.110139
0 0.641891 0.259444 0.037177 0.113815
0 0.586646 0.227315 0.032010 0.097296
0 0.610911 0.149296 0.026844 0.069759
0 0.571159 0.138282 0.027880 0.069750
0 0.535016 0.127269 0.023750 0.069759
0 0.524174 0.194269 0.028911 0.086278
0 0.482872 0.168574 0.028911 0.086278
0 0.419367 0.134611 0.025818 0.069759
