0 0.649120 0.040986 0.022719 0.077102
0 0.689906 0.068523 0.034073 0.095454
0 0.770448 0.717454 0.118750 0.328593
0 0.640341 0.413644 0.083641 0.194583
0 0.592326 0.256685 0.049568 0.170722
0 0.875258 0.214463 0.045432 0.159704
0 0.786969 0.147458 0.042333 0.106472
0 0.992357 0.119005 0.015286 0.119324
0 0.937727 0.085968 0.044401 0.104639
0 0.864414 0.055671 0.027880 0.091787
0 0.816398 0.033343 0.020651 0.066685
0 0.735341 0.104324 0.036141 0.111981
0 0.744117 0.019579 0.018589 0.039157
0 0.773544 0.026000 0.019620 0.052000
0 0.956831 0.025083 0.022714 0.050167
0 0.906750 0.020495 0.013427 0.040991
0 0.148310 0.700014 0.134234 0.301065
0 0.241758 0.400792 0.075380 0.201935
0 0.300617 0.261273 0.050599 0.165213
0 0.333659 0.186009 0.036141 0.110148
0 0.336760 0.112583 0.023750 0.069759
0 0.369802 0.075866 0.029948 0.091787
0 0.368253 0.028755 0.022714 0.057509
0 0.502490 0.036097 0.028917 0.072194
0 0.521594 0.060264 0.032010 0.082602
0 0.535534 0.129102 0.028911 0.110148
0 0.626401 0.026921 0.018583 0.053843
