0 0.740503 0.125431 0.029943 0.102806
0 0.796779 0.169486 0.037172 0.121157
0 0.886615 0.237412 0.047500 0.157880
0 0.142630 0.735810 0.135271 0.306565
0 0.250536 0.416398 0.095000 0.200093
0 0.299586 0.279630 0.050599 0.157870
0 0.338307 0.199782 0.041302 0.108306
0 0.340888 0.129106 0.025818 0.062417
0 0.376513 0.074032 0.037172 0.110139
0 0.943409 0.115338 0.035109 0.108306
0 0.870609 0.080454 0.029948 0.086278
0 0.816398 0.058426 0.028911 0.082611
0 0.780773 0.040069 0.021682 0.075269
0 0.871128 0.017741 0.020651 0.035481
0 0.748763 0.028755 0.019620 0.057509
0 0.914495 0.031509 0.020656 0.063019
0 0.963544 0.041907 0.021682 0.075259
0 0.783870 0.769773 0.127010 0.348787
0 0.653766 0.444847 0.089833 0.205602
0 0.595424 0.284227 0.053693 0.178065
0 0.545859 0.150218 0.037177 0.119324
0 0.533982 0.109829 0.036141 0.097287
0 0.520560 0.064852 0.025818 0.069759
0 0.508169 0.048333 0.023745 0.073426
0 0.630016 0.037935 0.021688 0.075870
0 0.652216 0.054759 0.026849 0.067926
0 0.698164 0.091472 0.027880 0.089944
