0 0.638721 0.132431 0.035214 0.093102
0 0.780029 0.882435 0.157109 0.235130
0 0.611182 0.544958 0.104740 0.243991
0 0.545721 0.346718 0.056880 0.187806
0 0.482518 0.195833 0.038828 0.120389
0 0.467167 0.132431 0.027990 0.083472
0 0.446852 0.091495 0.027089 0.078657
0 0.309159 0.115574 0.029797 0.091500
0 0.271685 0.189412 0.032505 0.062602
0 0.267172 0.269671 0.039729 0.113972
0 0.221125 0.367583 0.059594 0.155704
0 0.155661 0.542551 0.107448 0.216694
0 0.038781 0.907315 0.077562 0.185370
0 0.841424 0.285722 0.048755 0.168537
0 0.743458 0.216699 0.042438 0.113972
0 0.689286 0.166139 0.042438 0.115574
0 0.594029 0.092296 0.023474 0.070630
0 0.571456 0.072231 0.021672 0.069019
0 0.687479 0.051366 0.026187 0.069028
0 0.720437 0.071435 0.025281 0.080259
0 0.761065 0.083468 0.027089 0.091491
0 0.812984 0.113968 0.031604 0.091491
0 0.891539 0.137241 0.044245 0.099519
0 0.961964 0.170148 0.042438 0.126815
0 0.901018 0.064208 0.023474 0.069028
0 0.853615 0.055375 0.022573 0.067417
0 0.811177 0.041736 0.018958 0.062602
