0 0.429693 0.298907 0.038208 0.119315
0 0.410073 0.133694 0.019615 0.075259
0 0.437953 0.149296 0.023750 0.073426
0 0.470479 0.164898 0.028917 0.082611
0 0.514883 0.190602 0.026849 0.086278
0 0.526240 0.118088 0.020656 0.062417
0 0.924305 0.807403 0.118745 0.328602
0 0.560315 0.130940 0.024786 0.066083
0 0.600586 0.149296 0.024786 0.073426
0 0.573221 0.225481 0.036141 0.100963
0 0.384258 0.247509 0.038203 0.111981
0 0.343987 0.207125 0.034078 0.093620
0 0.308878 0.163981 0.021682 0.066093
0 0.289258 0.145625 0.021682 0.077102
0 0.145211 0.155722 0.037172 0.067926
0 0.155536 0.198861 0.030979 0.084444
0 0.158120 0.291565 0.042333 0.134000
0 0.191680 0.467796 0.070214 0.189074
0 0.210266 0.685329 0.107385 0.253324
0 0.728628 0.187847 0.026849 0.099120
0 0.636211 0.250259 0.038203 0.124833
0 0.504039 0.371417 0.052661 0.157870
0 0.646018 0.515523 0.059891 0.211102
0 0.815883 0.213546 0.027880 0.102796
0 0.750831 0.324611 0.044401 0.115648
0 0.951154 0.409972 0.052661 0.201926
