0 0.924042 0.057787 0.026187 0.075444
0 0.978667 0.162926 0.039729 0.112370
0 0.907789 0.136440 0.038828 0.094713
0 0.833299 0.100324 0.028891 0.089889
0 0.780029 0.077852 0.021672 0.086685
0 0.737138 0.066611 0.020766 0.080259
0 0.709151 0.049759 0.022573 0.065815
0 0.592672 0.058588 0.018958 0.067417
0 0.613891 0.075444 0.028896 0.059389
0 0.657682 0.121995 0.033406 0.097917
0 0.708247 0.155704 0.040630 0.110759
0 0.760615 0.199046 0.040635 0.120389
0 0.853615 0.272880 0.049656 0.165333
0 0.055034 0.865579 0.110068 0.268843
0 0.872578 0.047356 0.022573 0.067417
0 0.179589 0.504829 0.084875 0.221509
0 0.242794 0.334681 0.055984 0.163731
0 0.292453 0.248801 0.041531 0.126806
0 0.293357 0.173361 0.034307 0.075444
0 0.329474 0.106745 0.030698 0.109157
0 0.465813 0.077852 0.030698 0.077056
0 0.486130 0.118787 0.037021 0.094704
0 0.501930 0.187806 0.036120 0.123593
0 0.560169 0.326657 0.060495 0.186204
0 0.623826 0.512056 0.097516 0.226333
0 0.792216 0.855148 0.147172 0.289704
