0 0.898629 0.331493 0.032367 0.118708
0 0.397504 0.824903 0.117352 0.294972
0 0.443367 0.512549 0.056656 0.212236
0 0.468996 0.407639 0.043164 0.115111
0 0.474055 0.338687 0.045188 0.070736
0 0.476754 0.282931 0.026305 0.043167
0 0.066344 0.440014 0.060703 0.115111
0 0.203262 0.370465 0.045867 0.151069
0 0.232262 0.344090 0.032367 0.127097
0 0.260930 0.317104 0.041141 0.121097
0 0.941117 0.634854 0.080938 0.229014
0 0.846695 0.514347 0.060703 0.218222
0 0.778574 0.435806 0.049914 0.166667
0 0.740129 0.344687 0.021586 0.082736
0 0.944832 0.360271 0.038445 0.128292
