0 0.338505 0.210704 0.036677 0.115148
0 0.791901 0.800315 0.125635 0.348222
0 0.653385 0.460421 0.093646 0.203935
0 0.600711 0.293940 0.049161 0.178972
0 0.542573 0.157981 0.034333 0.115148
0 0.533599 0.110815 0.025750 0.067981
0 0.946805 0.117051 0.040578 0.105435
0 0.525404 0.087227 0.029651 0.090176
0 0.509016 0.055319 0.026531 0.070750
0 0.378302 0.063639 0.028875 0.065204
0 0.374010 0.099713 0.028094 0.087407
0 0.341234 0.140639 0.037458 0.069370
0 0.299484 0.292551 0.055406 0.153991
0 0.631534 0.047690 0.020286 0.061046
0 0.244081 0.438912 0.086620 0.202546
0 0.141073 0.759389 0.139687 0.310759
0 0.885544 0.248157 0.050724 0.165093
0 0.799315 0.179486 0.040578 0.108213
0 0.741958 0.135088 0.035115 0.110991
0 0.697086 0.097634 0.031214 0.088787
0 0.655336 0.061565 0.025755 0.066593
0 0.873451 0.089310 0.032776 0.091565
0 0.823508 0.061565 0.031214 0.083241
0 0.780977 0.046301 0.022630 0.069361
0 0.751320 0.030088 0.022630 0.060176
0 0.873060 0.020375 0.016391 0.040750
0 0.914419 0.035204 0.022630 0.061037
0 0.966313 0.049773 0.028094 0.073528
