0 0.131284 0.560208 0.100224 0.232750
0 0.796732 0.039329 0.017151 0.048157
0 0.837362 0.051366 0.024380 0.072231
0 0.887474 0.057782 0.027083 0.062602
0 0.949323 0.168542 0.038823 0.117176
0 0.878445 0.142060 0.036120 0.112361
0 0.797633 0.108352 0.029797 0.089889
0 0.746167 0.085880 0.027990 0.089889
0 0.532628 0.349931 0.063203 0.194231
0 0.466266 0.199843 0.038823 0.115574
0 0.454076 0.134833 0.032505 0.101130
0 0.429245 0.096315 0.027990 0.085074
0 0.294260 0.119588 0.034312 0.096306
0 0.252727 0.204662 0.037922 0.086676
0 0.245956 0.276894 0.040630 0.118787
0 0.598544 0.545764 0.102932 0.232750
0 0.776867 0.892065 0.154401 0.215870
0 0.207581 0.370796 0.055984 0.171759
0 0.703732 0.069824 0.020766 0.073833
0 0.673937 0.056181 0.022573 0.065806
0 0.558362 0.074644 0.018964 0.067417
0 0.583193 0.093097 0.028896 0.072231
0 0.625630 0.132426 0.034313 0.096315
0 0.674839 0.172556 0.037021 0.118778
0 0.728112 0.215093 0.035214 0.110759
0 0.827883 0.278495 0.052370 0.173361
0 0.023883 0.925773 0.047766 0.148454
