0 0.780586 0.820431 0.135786 0.349602
0 0.632703 0.471514 0.092865 0.220583
0 0.584323 0.297407 0.056969 0.183130
0 0.526182 0.159366 0.037458 0.109602
0 0.517602 0.118440 0.031214 0.091565
0 0.503943 0.076824 0.028875 0.077685
0 0.488336 0.053236 0.025755 0.074917
0 0.360357 0.064338 0.030432 0.069361
0 0.352943 0.096940 0.028094 0.076306
0 0.322117 0.135782 0.028870 0.054102
0 0.320557 0.216245 0.044479 0.106824
0 0.276464 0.299491 0.063990 0.151222
0 0.214034 0.445157 0.096766 0.209481
0 0.094250 0.788523 0.136563 0.324639
0 0.874620 0.255787 0.044479 0.166481
0 0.780586 0.180176 0.048380 0.117926
0 0.728693 0.137861 0.038240 0.113759
0 0.681089 0.098329 0.033552 0.092954
0 0.639729 0.059481 0.025750 0.062426
0 0.616315 0.037718 0.022630 0.075435
0 0.734154 0.030088 0.024193 0.060176
0 0.764586 0.046301 0.024193 0.072139
0 0.806729 0.060176 0.027313 0.080463
0 0.855891 0.084454 0.025750 0.081852
0 0.932367 0.119829 0.035120 0.105435
0 0.989401 0.163528 0.021198 0.115148
0 0.952656 0.053241 0.028875 0.083241
0 0.900763 0.033120 0.021849 0.062426
0 0.859013 0.022458 0.019505 0.044917
