0 0.504555 0.037935 0.028911 0.075870
0 0.373414 0.045579 0.026849 0.067917
0 0.369286 0.084130 0.024781 0.071593
0 0.339857 0.130023 0.027880 0.078935
0 0.336242 0.196106 0.035109 0.119324
0 0.298552 0.272292 0.046469 0.150528
0 0.247956 0.410884 0.081578 0.207435
0 0.150375 0.716537 0.134240 0.297389
0 0.878354 0.224560 0.047500 0.165213
0 0.788003 0.156639 0.042339 0.110148
0 0.736372 0.112583 0.034078 0.110148
0 0.693005 0.081375 0.032010 0.091787
0 0.649635 0.045579 0.023750 0.071602
0 0.628466 0.034264 0.020651 0.068528
0 0.743599 0.026921 0.017552 0.053843
0 0.771482 0.032426 0.021682 0.064852
0 0.812268 0.038852 0.026849 0.077704
0 0.861831 0.064852 0.028911 0.095463
0 0.937729 0.098815 0.040271 0.100963
0 0.990807 0.141954 0.018385 0.102796
0 0.956315 0.036097 0.025818 0.072194
0 0.907781 0.023250 0.023750 0.046500
0 0.525724 0.090556 0.029948 0.113815
0 0.538630 0.141037 0.037177 0.115648
0 0.594391 0.269537 0.053698 0.170722
0 0.640857 0.426491 0.082609 0.198259
0 0.775612 0.732139 0.122880 0.332259
