0 0.151422 0.494438 0.064016 0.216625
0 0.579434 0.294347 0.029945 0.084444
0 0.354328 0.315451 0.036141 0.115653
0 0.331094 0.339319 0.028906 0.134000
0 0.298570 0.369611 0.036141 0.150528
0 0.046102 0.621104 0.072281 0.253319
0 0.807637 0.330139 0.034070 0.123000
0 0.844293 0.368688 0.043367 0.115653
0 0.906250 0.454965 0.051625 0.181736
0 0.983586 0.545840 0.032828 0.231292
0 0.527805 0.878472 0.157984 0.243056
0 0.548453 0.528403 0.060922 0.233139
0 0.571688 0.416424 0.049563 0.119319
0 0.576852 0.342993 0.045438 0.100958
