0 0.245503 0.353139 0.057786 0.158907
0 0.917721 0.063407 0.026182 0.070630
0 0.867612 0.052167 0.018057 0.064204
0 0.825174 0.036917 0.018057 0.056185
0 0.703279 0.052972 0.021672 0.069019
0 0.733076 0.070630 0.023474 0.085074
0 0.775513 0.081065 0.034307 0.089889
0 0.826529 0.107546 0.035214 0.091500
0 0.903727 0.138046 0.048755 0.113963
0 0.975792 0.166940 0.048417 0.139657
0 0.586352 0.067421 0.020766 0.072231
0 0.607120 0.085875 0.022573 0.067417
0 0.655424 0.124403 0.037922 0.099528
0 0.704182 0.164532 0.041531 0.112361
0 0.755651 0.210278 0.045146 0.117185
0 0.854068 0.280102 0.059594 0.176574
0 0.052323 0.879222 0.104646 0.241556
0 0.175529 0.523287 0.100224 0.216704
0 0.789508 0.868792 0.141755 0.262417
0 0.619760 0.524093 0.098417 0.237574
0 0.558813 0.345111 0.055979 0.184593
0 0.497867 0.191819 0.037016 0.115565
0 0.481615 0.123597 0.033406 0.088287
0 0.458589 0.086681 0.034312 0.078657
0 0.325409 0.119588 0.035214 0.109157
0 0.286133 0.200648 0.027089 0.101130
0 0.281620 0.264051 0.041531 0.112361
