0 0.785695 0.148630 0.040161 0.115815
0 0.765617 0.716625 0.128516 0.334769
0 0.638443 0.414384 0.088354 0.203083
0 0.594711 0.255722 0.054443 0.180870
0 0.536703 0.128005 0.041948 0.109472
0 0.521531 0.080407 0.029448 0.084093
0 0.505422 0.062875 0.025969 0.058861
0 0.872266 0.210509 0.043729 0.160241
0 0.734380 0.103412 0.039271 0.114231
0 0.691945 0.070014 0.027755 0.079491
0 0.645982 0.051769 0.014370 0.036648
0 0.935586 0.091431 0.033109 0.112806
0 0.989010 0.121579 0.021979 0.093769
0 0.864414 0.057509 0.036141 0.099130
0 0.815365 0.037935 0.024781 0.075870
0 0.771997 0.029671 0.026849 0.059343
0 0.369799 0.056292 0.036141 0.112583
0 0.340888 0.134611 0.042339 0.117481
0 0.331596 0.187847 0.042339 0.117491
0 0.297003 0.255769 0.051630 0.157870
0 0.236081 0.396204 0.068151 0.196426
0 0.144180 0.699097 0.134234 0.306565
