0 0.743128 0.031472 0.021849 0.062944
0 0.942122 0.121912 0.035901 0.106824
0 0.866036 0.024537 0.021073 0.049074
0 0.907784 0.039106 0.023411 0.078213
0 0.785659 0.807940 0.131880 0.355157
0 0.649484 0.463190 0.099885 0.206713
0 0.589393 0.293245 0.051505 0.183120
0 0.883987 0.248852 0.041359 0.160926
0 0.786828 0.181565 0.043698 0.117926
0 0.737667 0.133704 0.037458 0.116537
0 0.690063 0.099713 0.037458 0.098500
0 0.647531 0.062255 0.027313 0.070750
0 0.629193 0.042829 0.028094 0.073528
0 0.498091 0.054625 0.024974 0.077694
0 0.512917 0.072662 0.026531 0.072139
0 0.517990 0.103875 0.025750 0.073528
0 0.537112 0.158676 0.032776 0.119315
0 0.364646 0.094162 0.026531 0.076306
0 0.366599 0.048380 0.019510 0.045778
0 0.334214 0.156593 0.034333 0.112370
0 0.327971 0.211394 0.042141 0.116528
0 0.284659 0.287694 0.050724 0.152611
0 0.227693 0.434060 0.074135 0.209491
0 0.116490 0.764245 0.138906 0.323250
0 0.957341 0.049074 0.030432 0.080463
0 0.864474 0.084454 0.027313 0.087407
0 0.815312 0.058093 0.028875 0.081852
0 0.775901 0.046301 0.028094 0.074917
