0 0.492451 0.085880 0.024380 0.080259
0 0.337146 0.103532 0.022573 0.057787
0 0.306448 0.161319 0.033406 0.067417
0 0.302839 0.233551 0.038823 0.121991
0 0.258143 0.318630 0.048755 0.160519
0 0.189521 0.472727 0.090292 0.211880
0 0.076659 0.841500 0.148078 0.317000
0 0.862643 0.261644 0.055078 0.171750
0 0.770997 0.189407 0.041536 0.120389
0 0.715469 0.145269 0.042438 0.115574
0 0.669872 0.109954 0.028891 0.089889
0 0.625630 0.073037 0.019865 0.070630
0 0.604411 0.050560 0.020771 0.077046
0 0.721792 0.040130 0.022573 0.065815
0 0.749328 0.056185 0.025281 0.075444
0 0.791766 0.068222 0.025281 0.086685
0 0.842781 0.094708 0.027990 0.088287
0 0.919078 0.122796 0.030698 0.089889
0 0.984820 0.158912 0.030359 0.117176
0 0.936685 0.058588 0.024380 0.073843
0 0.885669 0.043338 0.023474 0.072231
0 0.843685 0.022069 0.020766 0.044139
0 0.782734 0.844713 0.140854 0.310574
0 0.631497 0.494398 0.100224 0.226333
0 0.568745 0.308194 0.050562 0.184593
0 0.475294 0.062602 0.026182 0.072241
0 0.512313 0.174162 0.042438 0.118787
0 0.501026 0.134032 0.028896 0.093102
0 0.345273 0.071431 0.029797 0.051361
