0 0.143937 0.693602 0.145833 0.313130
0 0.954451 0.027356 0.018943 0.054713
0 0.739961 0.013046 0.017995 0.026093
0 0.768844 0.023991 0.020833 0.047981
0 0.811458 0.034093 0.024625 0.068185
0 0.860227 0.051347 0.025568 0.097639
0 0.933617 0.082491 0.037880 0.095963
0 0.989062 0.120370 0.021875 0.124574
0 0.868276 0.211278 0.049240 0.161611
0 0.787310 0.141417 0.044505 0.126259
0 0.734755 0.100167 0.041667 0.131315
0 0.692615 0.065657 0.038823 0.109426
0 0.643844 0.032407 0.022729 0.064815
0 0.621591 0.028199 0.023672 0.056398
0 0.500380 0.041667 0.019885 0.083333
0 0.518846 0.058843 0.026516 0.075926
0 0.533523 0.123736 0.046401 0.121213
0 0.597917 0.246630 0.063448 0.185185
0 0.642424 0.406565 0.101328 0.208759
0 0.759375 0.707074 0.125000 0.335019
0 0.367331 0.016755 0.024620 0.028787
0 0.368372 0.059764 0.034089 0.069028
0 0.336174 0.104375 0.035984 0.067343
0 0.335701 0.182662 0.044505 0.119528
0 0.295927 0.260097 0.061552 0.156565
0 0.246211 0.390569 0.100380 0.212120
