0 0.904355 0.336618 0.035133 0.104375
0 0.401551 0.852639 0.114555 0.294722
0 0.443133 0.516833 0.057766 0.218694
0 0.470691 0.411618 0.048289 0.123069
0 0.474434 0.329042 0.046305 0.055556
0 0.477797 0.289563 0.026516 0.043597
0 0.059187 0.442764 0.060703 0.107917
0 0.198863 0.372056 0.042711 0.147972
0 0.229594 0.341840 0.035984 0.134681
0 0.259473 0.320708 0.046305 0.122722
0 0.946500 0.644785 0.045359 0.232153
0 0.852746 0.519278 0.054836 0.230639
0 0.786457 0.441917 0.051227 0.170194
0 0.744320 0.346799 0.016000 0.074236
0 0.951754 0.359424 0.035039 0.126097
