0 0.958691 0.346097 0.041633 0.126611
0 0.385652 0.855660 0.135867 0.288681
0 0.439891 0.514583 0.064641 0.202583
0 0.460707 0.390889 0.058070 0.111028
0 0.473309 0.313951 0.046023 0.054542
0 0.476047 0.268181 0.025203 0.044806
0 0.042160 0.430826 0.069023 0.120764
0 0.190625 0.355826 0.052594 0.149986
0 0.223496 0.325646 0.039445 0.136347
0 0.252527 0.301292 0.038352 0.114917
0 0.791602 0.433743 0.055875 0.181153
0 0.860078 0.514583 0.063547 0.222056
0 0.964555 0.642167 0.070891 0.239583
0 0.908289 0.322722 0.037250 0.111028
