0 0.445367 0.516535 0.060266 0.225958
0 0.392777 0.866375 0.128195 0.267250
0 0.466730 0.418167 0.048211 0.169472
0 0.476594 0.317847 0.037250 0.077917
0 0.478238 0.265257 0.025195 0.050653
0 0.032848 0.442514 0.056977 0.151944
0 0.191172 0.348042 0.038344 0.161667
0 0.965812 0.341229 0.042734 0.136347
0 0.223496 0.319799 0.032867 0.136347
0 0.250887 0.297396 0.030680 0.114931
0 0.793793 0.420111 0.047117 0.177250
0 0.870488 0.510694 0.055883 0.237639
0 0.976059 0.630479 0.047883 0.216208
0 0.915957 0.310063 0.032867 0.120764
