0 0.479312 0.951861 0.110813 0.096278
0 0.538621 0.575618 0.071789 0.245569
0 0.553449 0.440354 0.067117 0.130403
0 0.569445 0.361278 0.041359 0.072139
0 0.568668 0.312715 0.033555 0.066597
0 0.332211 0.322431 0.041359 0.122083
0 0.301777 0.349479 0.033555 0.140125
0 0.268613 0.384861 0.043695 0.155389
0 0.111758 0.495840 0.056187 0.185903
0 0.011789 0.615153 0.023578 0.174806
0 0.805508 0.344625 0.037453 0.127639
0 0.846477 0.382778 0.046047 0.117917
0 0.910469 0.480583 0.061656 0.194222
0 0.990938 0.554812 0.018125 0.159542
