0 0.483605 0.899139 0.149055 0.201722
0 0.522621 0.546479 0.061648 0.234458
0 0.542523 0.453535 0.054625 0.178958
0 0.556570 0.369597 0.046828 0.099889
0 0.558520 0.303007 0.036680 0.061042
0 0.329871 0.323125 0.044477 0.106833
0 0.304512 0.344625 0.037461 0.124861
0 0.269395 0.377924 0.045258 0.160931
0 0.128926 0.472264 0.053070 0.155389
0 0.023102 0.635271 0.046203 0.262208
0 0.793414 0.335611 0.038234 0.126250
0 0.828527 0.370986 0.047602 0.113750
0 0.887059 0.463243 0.060086 0.176181
0 0.969867 0.556194 0.060266 0.231694
