0 0.782536 0.827667 0.131885 0.344667
0 0.097370 0.805866 0.147490 0.320472
0 0.213646 0.447241 0.094427 0.210870
0 0.277638 0.300181 0.060089 0.160935
0 0.310021 0.219718 0.037458 0.108213
0 0.322508 0.166306 0.039016 0.120704
0 0.351383 0.110116 0.023411 0.074917
0 0.358404 0.067806 0.034339 0.070759
0 0.490286 0.056708 0.029656 0.070750
0 0.508628 0.096245 0.031995 0.086009
0 0.523453 0.162833 0.039802 0.116537
0 0.854719 0.024537 0.018729 0.049074
0 0.901932 0.035634 0.025750 0.071269
0 0.946023 0.059477 0.024974 0.073528
0 0.990961 0.164222 0.018078 0.116537
0 0.925734 0.122602 0.040583 0.097111
0 0.853161 0.087921 0.029656 0.091565
0 0.804776 0.064333 0.029656 0.083241
0 0.761857 0.046995 0.021849 0.076306
0 0.732203 0.034509 0.018729 0.067981
0 0.613586 0.044218 0.018724 0.073528
0 0.638948 0.065722 0.027313 0.069370
0 0.680698 0.100407 0.028094 0.086019
0 0.727130 0.138560 0.035115 0.106824
0 0.778245 0.189889 0.043698 0.115148
0 0.873451 0.257176 0.051505 0.163704
0 0.576521 0.304343 0.055406 0.180352
0 0.634266 0.474986 0.091302 0.227528
