0 0.508685 0.042824 0.028911 0.080778
0 0.645505 0.430162 0.081573 0.194583
0 0.596456 0.272292 0.053693 0.176231
0 0.151409 0.716532 0.130109 0.290046
0 0.541211 0.142870 0.034078 0.115648
0 0.242276 0.410884 0.072281 0.207435
0 0.297521 0.279634 0.050594 0.154194
0 0.337792 0.197028 0.038208 0.113815
0 0.338823 0.129106 0.034073 0.077102
0 0.373417 0.069440 0.024781 0.104639
0 0.744633 0.024167 0.017557 0.048333
0 0.775096 0.032426 0.020651 0.064852
0 0.813302 0.040690 0.022719 0.081380
0 0.864411 0.069444 0.032010 0.082611
0 0.993388 0.151134 0.013224 0.121157
0 0.936695 0.096981 0.036141 0.100963
0 0.878354 0.221810 0.049563 0.163380
0 0.787487 0.152968 0.037172 0.106472
0 0.736372 0.114417 0.036141 0.117481
0 0.695583 0.084130 0.030979 0.104630
0 0.650667 0.046500 0.023750 0.069759
0 0.624854 0.032426 0.023750 0.064852
0 0.775609 0.736727 0.110490 0.330435
0 0.525724 0.083213 0.025813 0.088111
