0 0.667617 0.116375 0.035214 0.099528
0 0.782286 0.847120 0.138146 0.305759
0 0.627888 0.495199 0.105641 0.224731
0 0.566940 0.309000 0.052370 0.176574
0 0.509607 0.170148 0.035214 0.113963
0 0.498771 0.127611 0.031604 0.099519
0 0.491547 0.097917 0.033406 0.088278
0 0.474844 0.070630 0.028896 0.075444
0 0.340760 0.078657 0.033406 0.075444
0 0.332633 0.109958 0.031599 0.077046
0 0.301935 0.159713 0.029797 0.064204
0 0.297419 0.239171 0.044245 0.113972
0 0.254984 0.321037 0.058687 0.162130
0 0.185458 0.483958 0.096615 0.218306
0 0.063609 0.848727 0.127219 0.302546
0 0.862193 0.260042 0.050563 0.168546
0 0.765128 0.190218 0.040630 0.112361
0 0.714117 0.146875 0.037922 0.109157
0 0.621565 0.073037 0.029797 0.064204
0 0.601250 0.050560 0.019865 0.067417
0 0.717727 0.039329 0.027089 0.067417
0 0.748427 0.054574 0.025281 0.075444
0 0.790862 0.065009 0.021672 0.077056
0 0.839620 0.091495 0.030698 0.085083
0 0.919076 0.131625 0.036120 0.107546
0 0.981659 0.165333 0.036682 0.126815
0 0.934878 0.060194 0.029797 0.070630
0 0.882057 0.045745 0.023479 0.067417
0 0.840070 0.023278 0.018964 0.044944
