0 0.777073 0.045606 0.025750 0.079083
0 0.961240 0.053236 0.027313 0.077694
0 0.912859 0.042139 0.028875 0.072148
0 0.868768 0.022458 0.020286 0.044917
0 0.788391 0.805167 0.127979 0.344056
0 0.648312 0.461806 0.094427 0.212259
0 0.593297 0.294630 0.049948 0.183130
0 0.538279 0.157981 0.041359 0.126241
0 0.529307 0.113588 0.035896 0.106824
0 0.514867 0.080292 0.033557 0.076306
0 0.501211 0.053931 0.023411 0.076306
0 0.372841 0.061565 0.031995 0.066593
0 0.365036 0.097634 0.028875 0.077694
0 0.335385 0.138556 0.036677 0.065204
0 0.332651 0.212782 0.039021 0.110991
0 0.293635 0.289778 0.056188 0.154000
0 0.231594 0.434060 0.092865 0.203935
0 0.123901 0.766324 0.138125 0.302444
0 0.884375 0.254398 0.048385 0.166481
0 0.790341 0.185037 0.041359 0.113759
0 0.736883 0.136477 0.040578 0.108213
0 0.693576 0.098324 0.033557 0.098500
0 0.651042 0.060866 0.028094 0.073528
0 0.629974 0.040056 0.018729 0.067981
0 0.745469 0.032861 0.020292 0.065722
0 0.815312 0.062949 0.027312 0.091565
0 0.866818 0.090694 0.028875 0.097111
0 0.941341 0.125380 0.042141 0.116537
