0 0.702828 0.160519 0.037021 0.113963
0 0.787703 0.865579 0.138146 0.268843
0 0.620664 0.520079 0.096609 0.226324
0 0.559716 0.333880 0.057786 0.184593
0 0.496513 0.188606 0.036120 0.118787
0 0.483870 0.121190 0.030698 0.093102
0 0.462654 0.089083 0.033411 0.080259
0 0.325411 0.115574 0.031604 0.101130
0 0.288391 0.180583 0.033406 0.080259
0 0.284781 0.256833 0.042437 0.120389
0 0.242794 0.344315 0.054172 0.170148
0 0.179138 0.512856 0.094807 0.218306
0 0.052323 0.876014 0.104646 0.247972
0 0.855872 0.273685 0.045141 0.170148
0 0.756099 0.207069 0.042438 0.117176
0 0.656328 0.119588 0.030698 0.083472
0 0.609378 0.092296 0.023474 0.070630
0 0.586805 0.065815 0.018057 0.069019
0 0.704633 0.050560 0.020766 0.067417
0 0.734883 0.065009 0.023474 0.077056
0 0.773706 0.077051 0.027089 0.081861
0 0.828333 0.102731 0.027990 0.085074
0 0.904630 0.138046 0.041531 0.110759
0 0.978500 0.170148 0.043000 0.120389
0 0.918625 0.064208 0.022573 0.069028
0 0.869867 0.048157 0.020766 0.075444
0 0.827883 0.033708 0.021672 0.062602
