0 0.764279 0.707898 0.125839 0.326833
0 0.641120 0.405653 0.084781 0.207843
0 0.589357 0.255727 0.047297 0.174528
0 0.149336 0.695130 0.124141 0.292093
0 0.242638 0.394551 0.089245 0.211009
0 0.298417 0.253347 0.047302 0.153898
0 0.770013 0.026620 0.019589 0.053241
0 0.646987 0.032352 0.021714 0.064704
0 0.335901 0.160532 0.034802 0.168176
0 0.368922 0.073269 0.031240 0.088852
0 0.504083 0.052560 0.025073 0.054102
0 0.522870 0.077236 0.026771 0.084083
0 0.536258 0.124833 0.037484 0.115815
0 0.808857 0.044630 0.018828 0.038241
0 0.860617 0.060495 0.024182 0.069972
0 0.989456 0.116106 0.021089 0.114231
0 0.933398 0.081995 0.039266 0.103120
0 0.690206 0.069301 0.031234 0.084083
0 0.732596 0.097861 0.039266 0.109481
0 0.784805 0.140694 0.047297 0.122167
0 0.873604 0.204162 0.044625 0.166583
