0 0.235969 0.342285 0.029000 0.125903
0 0.401746 0.839861 0.111961 0.317889
0 0.444719 0.517347 0.056656 0.202639
0 0.467648 0.410028 0.043172 0.115111
0 0.475066 0.329097 0.037773 0.058750
0 0.477766 0.290125 0.025625 0.043167
0 0.070391 0.439410 0.060703 0.104319
0 0.203258 0.371660 0.044516 0.148681
0 0.260254 0.323701 0.035742 0.119903
0 0.738781 0.342889 0.018891 0.071944
0 0.778238 0.437611 0.047883 0.158278
0 0.845348 0.515549 0.058008 0.211042
0 0.899305 0.333896 0.032375 0.106708
0 0.944828 0.356681 0.039797 0.123500
0 0.936398 0.632458 0.082281 0.224222
